accountType|accountNumber|seniorAccountNumber|invoice_no|bill_date|debit|credit
A2|43172014|43172013|827489829|2017-04-19|0|0
A2|43172014|43172013|849966500|2017-05-19|0|0
A2|41282493|41282492|827487254|2017-04-19|0|0
A2|41282493|41282492|849963905|2017-05-19|0|0
A3|43172015|43172014|866622230|2017-06-05|4.59|4.59
A3|43172015|43172014|866702420|2017-06-05|9.3|9.3
A3|43172015|43172014|866703415|2017-06-05|9.3|9.3
A3|43172015|43172014|866704205|2017-06-05|9.3|9.3
A3|43172015|43172014|866704955|2017-06-05|9.3|9.3
A3|43172015|43172014|866705787|2017-06-05|9.3|9.3
A3|43172015|43172014|866706639|2017-06-05|9.3|9.3
A3|43172015|43172014|866707301|2017-06-05|9.3|9.3
A3|43172015|43172014|866708164|2017-06-05|9.3|9.3
A3|43172015|43172014|867739906|2017-06-06|5.08|5.08
A3|43172015|43172014|868407867|2017-06-07|9.6|9.6
A3|43172015|43172014|868410133|2017-06-07|9.6|9.6
A3|43172015|43172014|868412288|2017-06-07|9.6|9.6
A3|43172015|43172014|868414366|2017-06-07|9.6|9.6
A3|43172015|43172014|868416499|2017-06-07|9.6|9.6
A3|43172015|43172014|868418381|2017-06-07|9.6|9.6
A3|43172015|43172014|868420303|2017-06-07|9.6|9.6
A3|43172015|43172014|868422119|2017-06-07|9.6|9.6
A3|43172015|43172014|868424229|2017-06-07|9.6|9.6
A3|43172015|43172014|869070838|2017-06-08|9.6|9.6
A3|43172015|43172014|869075172|2017-06-08|9.6|9.6
A3|43172015|43172014|869078851|2017-06-08|9.6|9.6
A3|43172015|43172014|869084205|2017-06-08|9.6|9.6
A3|43172015|43172014|869087316|2017-06-08|9.6|9.6
A3|43172015|43172014|869090848|2017-06-08|9.6|9.6
A3|43172015|43172014|869094990|2017-06-08|9.6|9.6
A3|43172015|43172014|869099717|2017-06-08|9.6|9.6
A3|43172015|43172014|869104716|2017-06-08|9.6|9.6
A3|43172015|43172014|869108730|2017-06-08|100|100
A3|43172015|43172014|869123524|2017-06-08|9.6|9.6
A3|43172015|43172014|869128812|2017-06-08|9.6|9.6
A3|43172015|43172014|869133340|2017-06-08|9.6|9.6
A3|43172015|43172014|869337971|2017-06-08|6.56|6.56
A3|43172015|43172014|869914473|2017-06-09|9.6|9.6
A3|43172015|43172014|870190705|2017-06-09|3.74|3.74
A3|43172015|43172014|870254094|2017-06-09|4.59|4.59
A3|43172015|43172014|870343693|2017-06-09|3.6|3.6
A3|43172015|43172014|870346532|2017-06-09|2.77|2.77
A3|43171002|43171001|866657149|2017-06-05|6.52|6.52
A3|43171002|43171001|866658329|2017-06-05|6.52|6.52
A3|43171002|43171001|866659699|2017-06-05|7.86|7.86
A3|43171002|43171001|866661375|2017-06-05|6.61|6.61
A3|43171002|43171001|866662546|2017-06-05|5.95|5.95
A3|43171002|43171001|866663765|2017-06-05|6.61|6.61
A3|43171002|43171001|866665442|2017-06-05|5.95|5.95
A3|43171002|43171001|866666517|2017-06-05|5.95|5.95
A3|43171002|43171001|866667649|2017-06-05|6.52|6.52
A3|43171002|43171001|866669046|2017-06-05|6.52|6.52
A3|43171002|43171001|866675317|2017-06-05|6.61|6.61
A3|43171002|43171001|866677411|2017-06-05|6.52|6.52
A3|43171002|43171001|866691860|2017-06-05|6.52|6.52
A3|43171002|43171001|866692300|2017-06-05|6.52|6.52
A3|43171002|43171001|867308851|2017-06-06|6.52|6.52
A3|43171002|43171001|867313027|2017-06-06|6.61|6.61
A3|43171002|43171001|867317950|2017-06-06|6.52|6.52
A3|43171002|43171001|867377245|2017-06-06|6.52|6.52
A3|43171002|43171001|867380501|2017-06-06|6.61|6.61
A3|43171002|43171001|867563439|2017-06-06|6.52|6.52
A3|43171002|43171001|869155046|2017-06-08|6.61|6.61
A3|43171002|43171001|869979571|2017-06-09|6.52|6.52
A3|43171002|43171001|869984767|2017-06-09|6.52|6.52
A3|43171002|43171001|869988395|2017-06-09|5.95|5.95
A3|43171002|43171001|869991144|2017-06-09|5.95|5.95
A3|43171002|43171001|869994395|2017-06-09|6.61|6.61
A3|43171002|43171001|869997906|2017-06-09|6.52|6.52
A3|43171002|43171001|870139964|2017-06-09|5.95|5.95
A3|43171002|43171001|870144816|2017-06-09|5.95|5.95
A3|43171002|43171001|872600969|2017-06-12|6.61|6.61
A3|43171002|43171001|872605257|2017-06-12|6.61|6.61
A3|43171002|43171001|872613399|2017-06-12|5.95|5.95
A3|43171002|43171001|872616871|2017-06-12|6.61|6.61
A3|43171002|43171001|872623119|2017-06-12|5.95|5.95
A3|43171002|43171001|872626764|2017-06-12|6.52|6.52
A3|43171002|43171001|872630518|2017-06-12|6.61|6.61
A3|43171002|43171001|872633519|2017-06-12|5.95|5.95
A3|43171002|43171001|872638509|2017-06-12|6.52|6.52
A3|43171002|43171001|872646704|2017-06-12|6.52|6.52
A3|43171002|43171001|872654368|2017-06-12|5.95|5.95
A3|43171002|43171001|872657478|2017-06-12|6.46|6.46
A2|42328988|42328987|832156658|2017-04-28|0|0
A2|42328988|42328987|858705282|2017-05-28|0|0
A3|42328989|42328988|868607773|2017-06-07|21.18|21.18
A3|42328989|42328988|869534313|2017-06-08|3.74|3.74
A3|42328989|42328988|872759471|2017-06-12|21.18|21.18
A2|43175108|43175106|827489884|2017-04-19|0|0
A2|43175108|43175106|849966535|2017-05-19|0|0
A2|41283080|41283079|827487317|2017-04-19|0|0
A2|41283080|41283079|849963991|2017-05-19|0|0
A2|42883693|42883690|833118589|2017-05-01|0|0
A2|42883693|42883690|862436003|2017-06-01|0|0
A2|41283156|41283155|827487328|2017-04-19|0|0
A2|41283156|41283155|849963999|2017-05-19|0|0
A2|42329644|42329643|832156793|2017-04-28|0|0
A2|42329644|42329643|858705384|2017-05-28|0|0
A2|41283684|41283682|827487365|2017-04-19|0|0
A2|41283684|41283682|849964048|2017-05-19|0|0
A2|42329909|42329908|832156867|2017-04-28|0|0
A2|42329909|42329908|858705446|2017-05-28|0|0
A2|42329933|42329932|832156879|2017-04-28|0|0
A2|42329933|42329932|858705457|2017-05-28|0|0
A2|41284335|41284334|827487646|2017-04-19|0|0
A2|41284335|41284334|849964364|2017-05-19|0|0
A2|41284014|41058030|827487487|2017-04-19|0|0
A2|41284014|41058030|849964195|2017-05-19|0|0
A3|42893155|42893154|869536728|2017-06-08|14.9|14.9
A3|42893155|42893154|869536885|2017-06-08|14.9|14.9
A3|42893155|42893154|869537081|2017-06-08|9.99|9.99
A3|42893155|42893154|869537199|2017-06-08|10.28|10.28
A3|42893155|42893154|869537820|2017-06-08|7.86|7.86
A3|42893155|42893154|869537979|2017-06-08|14.9|14.9
A3|42893155|42893154|870385695|2017-06-09|9.99|9.99
A3|42893155|42893154|870385777|2017-06-09|6.92|6.92
A3|42893155|42893154|870385849|2017-06-09|9.99|9.99
A2|41284588|41284586|827487685|2017-04-19|0|0
A2|41284588|41284586|849964405|2017-05-19|0|0
A2|41284622|41284620|827487697|2017-04-19|0|0
A2|41284622|41284620|849964415|2017-05-19|0|0
A2|41284831|41284830|827487714|2017-04-19|0|0
A2|41284831|41284830|849964436|2017-05-19|0|0
A2|41285152|41285149|827487729|2017-04-19|0|0
A2|41285152|41285149|849964456|2017-05-19|0|0
A2|42894551|42894550|833304891|2017-05-02|0|0
A2|42894551|42894550|863355702|2017-06-02|0|0
A2|42894764|42894763|833304909|2017-05-02|0|0
A2|42894764|42894763|863355727|2017-06-02|0|0
A2|43182840|43182839|828025404|2017-04-20|0|0
A2|43182840|43182839|850775288|2017-05-20|0|0
A2|42331746|42331745|832157146|2017-04-28|0|0
A2|42331746|42331745|858705683|2017-05-28|0|0
A2|42332042|42332041|832157167|2017-04-28|0|0
A2|42332042|42332041|858705698|2017-05-28|0|0
A3|42332044|42332042|866697041|2017-06-05|5.95|5.95
A3|42332044|42332042|866776102|2017-06-05|5.95|5.95
A3|42332044|42332042|866784680|2017-06-05|6.52|6.52
A3|42332044|42332042|866860107|2017-06-05|5.95|5.95
A3|42332044|42332042|867552923|2017-06-06|5.95|5.95
A3|42332044|42332042|867590418|2017-06-06|5.95|5.95
A3|42332044|42332042|867660201|2017-06-06|5.95|5.95
A3|42332044|42332042|867670142|2017-06-06|6.52|6.52
A3|42332044|42332042|867720458|2017-06-06|18.43|18.43
A3|42332044|42332042|868504131|2017-06-07|5.95|5.95
A3|42332044|42332042|868511803|2017-06-07|6.52|6.52
A3|42332044|42332042|868560684|2017-06-07|5.95|5.95
A3|42332044|42332042|869323089|2017-06-08|5.95|5.95
A3|42332044|42332042|869407661|2017-06-08|5.95|5.95
A3|42332044|42332042|869419969|2017-06-08|5.95|5.95
A3|42332044|42332042|869484849|2017-06-08|6.52|6.52
A3|42332044|42332042|869494219|2017-06-08|5.95|5.95
A3|42332044|42332042|870076667|2017-06-09|5.95|5.95
A3|42332044|42332042|870116403|2017-06-09|5.95|5.95
A3|42332044|42332042|870157843|2017-06-09|5.95|5.95
A3|42332044|42332042|870302514|2017-06-09|5.95|5.95
A3|42332044|42332042|870303978|2017-06-09|5.95|5.95
A3|42332044|42332042|870304829|2017-06-09|5.95|5.95
A3|42332044|42332042|870306114|2017-06-09|5.95|5.95
A3|42332044|42332042|870306653|2017-06-09|5.95|5.95
A3|42332044|42332042|870307311|2017-06-09|5.95|5.95
A3|42332044|42332042|870307924|2017-06-09|5.95|5.95
A3|42332044|42332042|870309157|2017-06-09|5.95|5.95
A3|42332044|42332042|870312842|2017-06-09|5.95|5.95
A3|42332044|42332042|870313712|2017-06-09|6.52|6.52
A3|42332044|42332042|870349739|2017-06-09|5.95|5.95
A3|42332044|42332042|872760332|2017-06-12|5.95|5.95
A2|42895450|42895449|833305016|2017-05-02|0|0
A2|42895450|42895449|863355832|2017-06-02|0|0
A2|41287094|41287093|827487946|2017-04-19|0|0
A2|41287094|41287093|849964612|2017-05-19|0|0
A2|42738299|42738298|830064559|2017-04-23|0|0
A2|42738299|42738298|853307844|2017-05-23|0|0
A2|42738396|42389830|830064587|2017-04-23|0|0
A2|42738396|42389830|853307875|2017-05-23|0|0
A2|42734732|42734731|830063334|2017-04-23|0|0
A2|42734732|42734731|853306759|2017-05-23|0|0
A2|42023751|42023750|808736032|2017-04-08|0|0
A2|42023751|42023750|837103885|2017-05-08|0|0
A2|42023751|42023750|868723588|2017-06-08|0|0
A3|42023754|42023751|868723592|2017-06-08|0|0
A2|42734770|42734768|830063345|2017-04-23|0|0
A2|42734770|42734768|853306767|2017-05-23|0|0
A3|42734771|42734770|867594685|2017-06-06|8.57|8.57
A3|42734771|42734770|868508630|2017-06-07|8.57|8.57
A2|42023759|42023758|808736048|2017-04-08|0|0
A2|42023759|42023758|837103896|2017-05-08|0|0
A2|42023759|42023758|868723602|2017-06-08|0|0
A3|42023760|42023759|868723604|2017-06-08|0|0
A2|42739550|42739548|830064745|2017-04-23|0|0
A2|42739550|42739548|853308037|2017-05-23|0|0
A2|42735146|42735145|830063537|2017-04-23|0|0
A2|42735146|42735145|853306928|2017-05-23|0|0
A2|42735082|42735081|830063503|2017-04-23|0|0
A2|42735082|42735081|853306898|2017-05-23|0|0
A2|42024270|42024269|808736150|2017-04-08|0|0
A2|42024270|42024269|837103979|2017-05-08|0|0
A2|42024270|42024269|868723694|2017-06-08|0|0
A3|42024271|42024270|868723696|2017-06-08|0|0
A2|42024275|42024274|808736158|2017-04-08|15|15
A2|42735332|42735331|830063608|2017-04-23|0|0
A2|42735332|42735331|853306987|2017-05-23|0|0
A3|42025371|42025370|868723849|2017-06-08|0|0
A2|42025370|42025368|808736384|2017-04-08|0|0
A2|42025370|42025368|837104169|2017-05-08|0|0
A2|42025370|42025368|868723846|2017-06-08|0|0
A2|42025463|42025462|808736399|2017-04-08|0|0
A2|42025463|42025462|837104183|2017-05-08|0|0
A2|42025463|42025462|868723859|2017-06-08|0|0
A3|42025464|42025463|868723863|2017-06-08|0|0
A2|42025599|42025598|808736437|2017-04-08|0|0
A2|42025599|42025598|837104228|2017-05-08|0|0
A2|42025599|42025598|868723899|2017-06-08|0|0
A3|42025600|42025599|868723902|2017-06-08|0|0
A2|41703581|41703578|823695735|2017-04-16|0|0
A2|41703581|41703578|847439679|2017-05-16|0|0
A2|42741729|42741725|830064935|2017-04-23|0|0
A2|42741729|42741725|853308234|2017-05-23|0|0
A2|42745558|42745556|830065044|2017-04-23|0|0
A2|42745558|42745556|853308328|2017-05-23|0|0
A2|42736097|42736096|830063825|2017-04-23|0|0
A2|42736097|42736096|853307220|2017-05-23|0|0
A2|42735803|42735802|830063771|2017-04-23|0|0
A2|42735803|42735802|853307164|2017-05-23|0|0
A2|42324651|42324650|832155044|2017-04-28|0|0
A2|42324651|42324650|858703833|2017-05-28|0|0
A2|42749433|42749431|830631420|2017-04-24|0|0
A2|42749433|42749431|854182769|2017-05-24|0|0
A2|41710453|41710451|826053120|2017-04-17|0|0
A2|41710453|41710451|848206425|2017-05-17|0|0
A2|41710769|41710767|826053312|2017-04-17|0|0
A2|41710769|41710767|848206494|2017-05-17|0|0
A2|42736660|42736659|830063942|2017-04-23|0|0
A2|42736660|42736659|853307325|2017-05-23|0|0
A2|42736810|42736809|830063962|2017-04-23|0|0
A2|42736810|42736809|853307343|2017-05-23|0|0
A2|42324936|42324935|832155143|2017-04-28|0|0
A2|42324936|42324935|858703925|2017-05-28|0|0
A2|42324943|42324941|832155151|2017-04-28|0|0
A2|42324943|42324941|858703934|2017-05-28|0|0
A2|42749989|42749988|830631716|2017-04-24|0|0
A2|42749989|42749988|854182925|2017-05-24|0|0
A2|41711230|41711229|826053631|2017-04-17|0|0
A2|41711230|41711229|848206589|2017-05-17|0|0
A2|42750060|42750059|830631729|2017-04-24|0|0
A2|42750060|42750059|854182931|2017-05-24|0|0
A2|41711538|41711536|826053754|2017-04-17|0|0
A2|41711538|41711536|848206625|2017-05-17|0|0
A2|42737226|42737225|830064128|2017-04-23|0|0
A2|42737226|42737225|853307475|2017-05-23|0|0
A2|42737376|42737375|830064201|2017-04-23|0|0
A2|42737376|42737375|853307547|2017-05-23|0|0
A2|42325440|42325439|832155576|2017-04-28|0|0
A2|42325440|42325439|858704319|2017-05-28|0|0
A2|42737790|42737789|830064306|2017-04-23|0|0
A2|42737790|42737789|853307640|2017-05-23|0|0
A2|42750849|42750848|830632080|2017-04-24|0|0
A2|42750849|42750848|854183174|2017-05-24|0|0
A2|42325638|42325637|832155747|2017-04-28|0|0
A2|42325638|42325637|858704444|2017-05-28|0|0
A2|42750959|42750958|830632157|2017-04-24|0|0
A2|42750959|42750958|854183215|2017-05-24|0|0
A2|42325761|42325759|832155794|2017-04-28|0|0
A2|42325761|42325759|858704490|2017-05-28|0|0
A2|41713414|41713413|826054271|2017-04-17|0|0
A2|41713414|41713413|848206799|2017-05-17|0|0
A2|42737932|42737931|830064450|2017-04-23|0|0
A2|42737932|42737931|853307730|2017-05-23|0|0
A3|42071495|42071493|871283215|2017-06-11|0|0
A2|42738051|42738050|830064470|2017-04-23|0|0
A2|42738051|42738050|853307742|2017-05-23|0|0
A2|42071493|42071492|809340251|2017-04-11|0|0
A2|42071493|42071492|841540463|2017-05-11|0|0
A2|42071493|42071492|871283211|2017-06-11|0|0
A2|42325866|42325865|832155842|2017-04-28|0|0
A2|42325866|42325865|858704531|2017-05-28|0|0
A2|42738111|42738110|830064478|2017-04-23|0|0
A2|42738111|42738110|853307751|2017-05-23|0|0
A3|42325916|42325915|866689439|2017-06-05|2.61|2.61
A3|42325916|42325915|866727597|2017-06-05|6.52|6.52
A3|42325916|42325915|866781383|2017-06-05|2.61|2.61
A3|42325916|42325915|867607682|2017-06-06|6.52|6.52
A3|42325916|42325915|867791411|2017-06-06|2.77|2.77
A3|42325916|42325915|868388812|2017-06-07|6.52|6.52
A3|42325916|42325915|868441851|2017-06-07|3.32|3.32
A3|42325916|42325915|868484044|2017-06-07|6.52|6.52
A3|42325916|42325915|868507702|2017-06-07|6.52|6.52
A3|42325916|42325915|868509519|2017-06-07|7.52|7.52
A3|42325916|42325915|868519469|2017-06-07|6.83|6.83
A3|42325916|42325915|868534895|2017-06-07|2.77|2.77
A3|42325916|42325915|868552501|2017-06-07|7.52|7.52
A3|42325916|42325915|869355700|2017-06-08|100|100
A3|42325916|42325915|869359051|2017-06-08|6.6|6.6
A3|42325916|42325915|869364269|2017-06-08|6.6|6.6
A3|42325916|42325915|869412936|2017-06-08|7.52|7.52
A3|42325916|42325915|869444509|2017-06-08|4.16|4.16
A3|42325916|42325915|870079859|2017-06-09|2.61|2.61
A3|42325916|42325915|870233478|2017-06-09|5.95|5.95
A3|42325916|42325915|870246084|2017-06-09|2.77|2.77
A3|42325916|42325915|870265204|2017-06-09|6.52|6.52
A3|42325916|42325915|870311099|2017-06-09|6.83|6.83
A3|42325916|42325915|870338038|2017-06-09|7.17|7.17
A3|42325916|42325915|872687505|2017-06-12|6.52|6.52
A3|42325916|42325915|872735063|2017-06-12|6.52|6.52
A3|42325916|42325915|872744090|2017-06-12|2.77|2.77
A2|42325989|42325988|832155916|2017-04-28|0|0
A2|42325989|42325988|858704623|2017-05-28|0|0
A2|42325940|42314846|832155866|2017-04-28|0|0
A2|42325940|42314846|858704580|2017-05-28|0|0
A2|42071702|42071701|809340340|2017-04-11|0|0
A2|42071702|42071701|841540625|2017-05-11|0|0
A2|42071702|42071701|871283293|2017-06-11|0|0
A3|42071704|42071702|871283297|2017-06-11|0|0
A2|42326300|42326298|832156004|2017-04-28|0|0
A2|42326300|42326298|858704703|2017-05-28|0|0
A2|42326576|42326575|832156064|2017-04-28|0|0
A2|42326576|42326575|858704776|2017-05-28|0|0
A2|42326739|42326738|832156078|2017-04-28|0|0
A2|42326739|42326738|858704789|2017-05-28|0|0
A2|42314647|42314645|831964145|2017-04-27|0|0
A2|42314647|42314645|857678686|2017-05-27|0|0
A2|41287707|41287705|827487997|2017-04-19|0|0
A2|41287707|41287705|849964660|2017-05-19|0|0
A2|42315011|42315009|831964217|2017-04-27|0|0
A2|42315011|42315009|857678754|2017-05-27|0|0
A3|41287708|41287707|866610160|2017-06-05|1.4|1.4
A3|41287708|41287707|866707660|2017-06-05|5.95|5.95
A3|41287708|41287707|866912494|2017-06-05|2.03|2.03
A3|41287708|41287707|866913066|2017-06-05|2.03|2.03
A3|41287708|41287707|867467515|2017-06-06|5.95|5.95
A3|41287708|41287707|868231609|2017-06-07|6.86|6.86
A3|41287708|41287707|868235846|2017-06-07|6.56|6.56
A3|41287708|41287707|868239475|2017-06-07|6.56|6.56
A3|41287708|41287707|868243705|2017-06-07|6.73|6.73
A3|41287708|41287707|868249823|2017-06-07|6.73|6.73
A3|41287708|41287707|868254109|2017-06-07|1.82|1.82
A3|41287708|41287707|868257255|2017-06-07|6.73|6.73
A3|41287708|41287707|868302435|2017-06-07|5.95|5.95
A3|41287708|41287707|868439280|2017-06-07|5.95|5.95
A3|41287708|41287707|868622785|2017-06-07|5.95|5.95
A3|41287708|41287707|868624251|2017-06-07|6.86|6.86
A3|41287708|41287707|868625553|2017-06-07|6.86|6.86
A3|41287708|41287707|868626382|2017-06-07|5.95|5.95
A3|41287708|41287707|868627203|2017-06-07|6.56|6.56
A3|41287708|41287707|868628130|2017-06-07|6.86|6.86
A3|41287708|41287707|868628862|2017-06-07|6.73|6.73
A3|41287708|41287707|868629611|2017-06-07|5.95|5.95
A3|41287708|41287707|868630328|2017-06-07|6.73|6.73
A3|41287708|41287707|868630647|2017-06-07|6.86|6.86
A3|41287708|41287707|868633379|2017-06-07|2.63|2.63
A3|41287708|41287707|868634161|2017-06-07|6.73|6.73
A3|41287708|41287707|868634733|2017-06-07|6.56|6.56
A3|41287708|41287707|868635317|2017-06-07|6.56|6.56
A3|41287708|41287707|869133308|2017-06-08|5.95|5.95
A3|41287708|41287707|869930165|2017-06-09|2.63|2.63
A3|41287708|41287707|869934987|2017-06-09|6.52|6.52
A3|41287708|41287707|869940322|2017-06-09|6.52|6.52
A3|41287708|41287707|869944880|2017-06-09|6.52|6.52
A3|41287708|41287707|869949806|2017-06-09|6.52|6.52
A3|41287708|41287707|869954562|2017-06-09|1.61|1.61
A3|41287708|41287707|869958509|2017-06-09|6.52|6.52
A3|41287708|41287707|869964446|2017-06-09|6.56|6.56
A3|41287708|41287707|869970322|2017-06-09|2.63|2.63
A3|41287708|41287707|870334630|2017-06-09|6.46|6.46
A3|41287708|41287707|870335423|2017-06-09|6.46|6.46
A3|41287708|41287707|870336140|2017-06-09|6.56|6.56
A3|41287708|41287707|870336924|2017-06-09|6.56|6.56
A3|41287708|41287707|870337749|2017-06-09|6.86|6.86
A3|41287708|41287707|870338465|2017-06-09|6.86|6.86
A3|41287708|41287707|870339015|2017-06-09|6.86|6.86
A3|41287708|41287707|870339573|2017-06-09|5.95|5.95
A3|41287708|41287707|870340241|2017-06-09|6.46|6.46
A3|41287708|41287707|870341055|2017-06-09|6.56|6.56
A3|41287708|41287707|870341088|2017-06-09|450|450
A3|41287708|41287707|870341819|2017-06-09|6.86|6.86
A3|41287708|41287707|870342456|2017-06-09|6.73|6.73
A3|41287708|41287707|870343168|2017-06-09|6.73|6.73
A3|41287708|41287707|870344192|2017-06-09|15.68|15.68
A3|41287708|41287707|872588549|2017-06-12|5.95|5.95
A3|41287708|41287707|872730263|2017-06-12|5.95|5.95
A2|42073056|42073055|809340610|2017-04-11|0|0
A2|42073056|42073055|841541068|2017-05-11|0|0
A2|42073056|42073055|871283502|2017-06-11|0|0
A3|42072900|42072898|871283451|2017-06-11|0|0
A3|42073057|42073056|871283506|2017-06-11|0|0
A2|41295762|41295759|828020310|2017-04-20|0|0
A2|41295762|41295759|850770685|2017-05-20|0|0
A2|42881555|42881554|833117830|2017-05-01|0|0
A2|42881555|42881554|862435431|2017-06-01|0|0
A2|42073566|42073565|809340871|2017-04-11|0|0
A2|42073566|42073565|841541577|2017-05-11|0|0
A2|42073566|42073565|871283709|2017-06-11|0|0
A2|41296250|41296249|828020376|2017-04-20|0|0
A2|41296250|41296249|850770739|2017-05-20|0|0
A3|42073568|42073566|871283712|2017-06-11|0|0
A3|42075389|42075388|871283778|2017-06-11|0|0
A2|42881994|42881993|833118022|2017-05-01|0|0
A2|42881994|42881993|862435565|2017-06-01|0|0
A2|42318674|42318673|831964364|2017-04-27|0|0
A2|42318674|42318673|857678901|2017-05-27|0|0
A2|42882388|42882386|833118256|2017-05-01|0|0
A2|42882388|42882386|862435721|2017-06-01|0|0
A2|41297630|41297629|828020837|2017-04-20|0|0
A2|41297630|41297629|850771107|2017-05-20|0|0
A2|43323129|43323128|832419774|2017-04-29|0|0
A2|43323129|43323128|859754972|2017-05-29|0|0
A3|43608160|43608159|866913339|2017-06-05|9.99|9.99
A3|43608160|43608159|866916348|2017-06-05|10|10
A3|43608160|43608159|866916633|2017-06-05|12.77|12.77
A2|42883070|42883069|833118434|2017-05-01|0|0
A2|42883070|42883069|862435869|2017-06-01|0|0
A2|42883193|42883191|833118498|2017-05-01|0|0
A2|42883193|42883191|862435922|2017-06-01|0|0
A2|43323524|43323523|832419833|2017-04-29|0|0
A2|43323524|43323523|859754995|2017-05-29|0|0
A2|43609564|43609563|826060871|2017-04-17|0|0
A2|43609564|43609563|848209051|2017-05-17|0|0
A2|43323761|43323759|832419864|2017-04-29|0|0
A2|43323761|43323759|859755008|2017-05-29|0|0
A3|42532600|42532599|870436866|2017-06-10|0|0
A2|42532599|42532598|809125049|2017-04-10|0|0
A2|42532599|42532598|839651396|2017-05-10|0|0
A2|42532599|42532598|870436862|2017-06-10|0|0
A2|43324251|43324250|832419886|2017-04-29|0|0
A2|43324251|43324250|859755014|2017-05-29|0|0
A2|43325835|43325834|832419938|2017-04-29|0|0
A2|43325835|43325834|859755033|2017-05-29|0|0
A3|42533009|42533007|870436986|2017-06-10|0|0
A2|43325222|43325221|832419925|2017-04-29|0|0
A2|43325222|43325221|859755027|2017-05-29|0|0
A3|42533699|42533698|870436999|2017-06-10|0|0
A2|41697059|41697056|823692728|2017-04-16|0|0
A2|41697059|41697056|847438969|2017-05-16|0|0
A2|42542137|42542136|809341046|2017-04-11|0|0
A2|42542137|42542136|841541896|2017-05-11|0|0
A2|42542137|42542136|871283882|2017-06-11|0|0
A2|43610171|43610170|826061255|2017-04-17|0|0
A2|43610171|43610170|848209223|2017-05-17|0|0
A2|41697135|41697133|823693417|2017-04-16|0|0
A2|41697135|41697133|847439122|2017-05-16|0|0
A3|43610172|43610171|868496109|2017-06-07|3.46|3.46
A3|43610172|43610171|870358191|2017-06-09|3.46|3.46
A2|43610141|43610140|826061234|2017-04-17|0|0
A2|43610141|43610140|848209215|2017-05-17|0|0
A2|43610276|43610275|826061379|2017-04-17|0|0
A2|43610276|43610275|848209259|2017-05-17|0|0
A3|42542138|42542137|871283887|2017-06-11|0|0
A2|43610644|43610643|826061728|2017-04-17|0|0
A2|43610644|43610643|848209367|2017-05-17|0|0
A2|43332844|43332843|832630823|2017-04-30|0|0
A2|43332844|43332843|860672258|2017-05-30|0|0
A3|42544730|42544729|871284101|2017-06-11|0|0
A2|41698278|41698277|823694204|2017-04-16|0|0
A2|41698278|41698277|847439337|2017-05-16|0|0
A2|41270432|41270431|826662297|2017-04-18|0|0
A2|41270432|41270431|849038581|2017-05-18|0|0
A2|42327020|42327019|832156163|2017-04-28|0|0
A2|42327020|42327019|858704859|2017-05-28|0|0
A2|42544907|42544906|809341297|2017-04-11|0|0
A2|42544907|42544906|841542338|2017-05-11|0|0
A2|42544907|42544906|871284159|2017-06-11|0|0
A3|42544908|42544907|871284161|2017-06-11|0|0
A2|42327082|42327081|832156187|2017-04-28|0|0
A2|42327082|42327081|858704877|2017-05-28|0|0
A2|42545041|42545039|809341310|2017-04-11|0|0
A2|42545041|42545039|841542366|2017-05-11|0|0
A2|42545041|42545039|871284175|2017-06-11|0|0
A3|42545043|42545041|871284182|2017-06-11|0|0
A2|41270635|41270634|826662549|2017-04-18|0|0
A2|41270635|41270634|849038810|2017-05-18|0|0
A2|43332946|43332944|832630866|2017-04-30|0|0
A2|43332946|43332944|860672306|2017-05-30|0|0
A3|42545190|42545189|871284235|2017-06-11|0|0
A2|42545189|42545188|809341348|2017-04-11|0|0
A2|42545189|42545188|841542445|2017-05-11|0|0
A2|42545189|42545188|871284230|2017-06-11|0|0
A2|42545205|42545204|809341358|2017-04-11|0|0
A2|42545205|42545204|841542455|2017-05-11|0|0
A2|42545205|42545204|871284242|2017-06-11|0|0
A3|42545207|42545205|871284248|2017-06-11|0|0
A2|43169288|43169287|827489575|2017-04-19|0|0
A2|43169288|43169287|849966258|2017-05-19|0|0
A2|42545303|42545302|809341368|2017-04-11|0|0
A2|42545303|42545302|841542469|2017-05-11|0|0
A2|42545303|42545302|871284256|2017-06-11|0|0
A2|41271088|41271087|826662660|2017-04-18|0|0
A2|41271088|41271087|849038976|2017-05-18|0|0
A3|42545304|42545303|871284261|2017-06-11|0|0
A2|43169512|43169511|827489585|2017-04-19|0|0
A2|43169512|43169511|849966266|2017-05-19|0|0
A2|44069615|44069614|818475070|2017-04-15|0|0
A2|44069615|44069614|846515297|2017-05-15|0|0
A2|43169744|43169742|827489635|2017-04-19|0|0
A2|43169744|43169742|849966317|2017-05-19|0|0
A3|44071244|44071243|867713786|2017-06-06|5.95|5.95
A3|44071244|44071243|867714346|2017-06-06|5.95|5.95
A3|44071244|44071243|867715578|2017-06-06|5.95|5.95
A3|44071244|44071243|867716301|2017-06-06|5.95|5.95
A3|44071244|44071243|867717392|2017-06-06|5.95|5.95
A3|44071244|44071243|867717638|2017-06-06|5.95|5.95
A3|44071244|44071243|867718023|2017-06-06|5.95|5.95
A3|44071244|44071243|867718331|2017-06-06|5.95|5.95
A3|44071244|44071243|867718891|2017-06-06|5.95|5.95
A3|44071244|44071243|869296440|2017-06-08|5.95|5.95
A3|44071244|44071243|869450665|2017-06-08|100|100
A3|44071244|44071243|869452184|2017-06-08|5.95|5.95
A3|44071244|44071243|869453930|2017-06-08|5.95|5.95
A3|44071244|44071243|869464580|2017-06-08|5.95|5.95
A3|44071244|44071243|870360979|2017-06-09|5.95|5.95
A2|41271709|41271708|826662742|2017-04-18|0|0
A2|41271709|41271708|849039054|2017-05-18|0|0
A2|44084552|44084551|823718880|2017-04-16|0|0
A2|44084552|44084551|847444870|2017-05-16|0|0
A2|42327937|42327936|832156423|2017-04-28|0|0
A2|42327937|42327936|858705083|2017-05-28|0|0
A2|44084772|44084771|823719079|2017-04-16|0|0
A2|44084772|44084771|847444903|2017-05-16|0|0
A2|41271767|41271766|826662760|2017-04-18|15|15
A2|41271767|41271766|849039068|2017-05-18|15|15
A2|42328264|42328263|832156468|2017-04-28|0|0
A2|42328264|42328263|858705120|2017-05-28|0|0
A3|44086088|44086086|866904069|2017-06-05|5.95|5.95
A3|44086088|44086086|866904704|2017-06-05|5.95|5.95
A3|44086088|44086086|866905217|2017-06-05|5.95|5.95
A3|44086088|44086086|867343439|2017-06-06|2.03|2.03
A3|44086088|44086086|869200143|2017-06-08|5.95|5.95
A3|44086088|44086086|869203487|2017-06-08|5.95|5.95
A3|44086088|44086086|869206542|2017-06-08|5.95|5.95
A3|44086088|44086086|870317138|2017-06-09|7.86|7.86
A3|44086088|44086086|870345379|2017-06-09|5.95|5.95
A3|44086088|44086086|870345991|2017-06-09|5.95|5.95
A3|44086088|44086086|870346427|2017-06-09|5.95|5.95
A2|44086316|44086315|823721943|2017-04-16|0|0
A2|44086316|44086315|847445573|2017-05-16|0|0
A2|44089645|44089644|823723899|2017-04-16|0|0
A2|44089645|44089644|847446015|2017-05-16|0|0
A2|44098411|44098410|826064881|2017-04-17|0|0
A2|44098411|44098410|848210189|2017-05-17|0|0
A2|42328480|42328479|832156511|2017-04-28|0|0
A2|42328480|42328479|858705156|2017-05-28|0|0
A2|43169886|43169885|827489653|2017-04-19|0|0
A2|43169886|43169885|849966334|2017-05-19|0|0
A2|44086086|44086085|823721419|2017-04-16|25|25
A2|44086086|44086085|847445487|2017-05-16|25|25
A2|43170336|43170335|827489704|2017-04-19|0|0
A2|43170336|43170335|849966384|2017-05-19|0|0
A3|44089646|44089645|866766607|2017-06-05|7.86|7.86
A3|44089646|44089645|867384597|2017-06-06|6.5|6.5
A3|44089646|44089645|870289347|2017-06-09|6.5|6.5
A3|44089646|44089645|870369622|2017-06-09|6.5|6.5
A2|42328693|42328692|832156535|2017-04-28|0|0
A2|42328693|42328692|858705170|2017-05-28|0|0
A3|42328694|42328693|866927599|2017-06-05|6.45|6.45
A3|42328694|42328693|867783072|2017-06-06|5.95|5.95
A3|42328694|42328693|868639914|2017-06-07|6.45|6.45
A3|42328694|42328693|869532230|2017-06-08|100|100
A3|42328694|42328693|869532274|2017-06-08|6.45|6.45
A3|42328694|42328693|870370500|2017-06-09|6.45|6.45
A2|43542382|43542381|812358761|2017-04-13|0|0
A2|43542382|43542381|844663922|2017-05-13|0|0
A3|44099317|44099316|867794496|2017-06-06|2.03|2.03
A3|44099317|44099316|868496387|2017-06-07|2.03|2.03
A3|44099317|44099316|868642728|2017-06-07|5.95|5.95
A3|44099317|44099316|870336572|2017-06-09|5.95|5.95
A3|44100958|44100957|866828062|2017-06-05|6.52|6.52
A2|43170903|43170902|827489739|2017-04-19|0|0
A2|43170903|43170902|849966429|2017-05-19|0|0
A2|43542453|43542452|812358799|2017-04-13|0|0
A2|43542453|43542452|844663939|2017-05-13|0|0
A2|44101252|44101251|826067839|2017-04-17|0|0
A2|44101252|44101251|848210981|2017-05-17|0|0
A2|43542737|43542735|812358916|2017-04-13|0|0
A2|43542737|43542735|844663987|2017-05-13|0|0
A3|44143902|44143901|869538266|2017-06-08|6.45|6.45
A2|44143901|44143900|828853247|2017-04-21|0|0
A2|44143901|44143900|851663155|2017-05-21|0|0
A2|43542801|43542800|812359008|2017-04-13|0|0
A2|43542801|43542800|844664024|2017-05-13|0|0
A3|43542934|43542933|866898246|2017-06-05|7.17|7.17
A3|43542934|43542933|866938003|2017-06-05|2.77|2.77
A3|43542934|43542933|866938133|2017-06-05|3.44|3.44
A3|43542934|43542933|867781809|2017-06-06|399|399
A3|43542934|43542933|868646297|2017-06-07|4.38|4.38
A3|43542934|43542933|868651104|2017-06-07|7.17|7.17
A3|43542934|43542933|868651952|2017-06-07|7.17|7.17
A3|43542934|43542933|869530358|2017-06-08|3.32|3.32
A3|43542934|43542933|869532346|2017-06-08|3.46|3.46
A2|42028260|42028258|808736864|2017-04-08|0|0
A2|42028260|42028258|837104659|2017-05-08|0|0
A2|42028260|42028258|868724064|2017-06-08|0|0
A2|42028347|42028346|808736888|2017-04-08|0|0
A2|42028347|42028346|837104686|2017-05-08|0|0
A2|42028347|42028346|868724081|2017-06-08|0|0
A2|43542933|43542932|812359081|2017-04-13|0|0
A2|43542933|43542932|844664052|2017-05-13|0|0
A3|42028261|42028260|868724066|2017-06-08|0|0
A3|42028348|42028347|868724089|2017-06-08|0|0
A2|44150770|44150769|829379444|2017-04-22|0|0
A2|44150770|44150769|852473550|2017-05-22|0|0
A2|43543456|43543455|812359365|2017-04-13|0|0
A2|43543456|43543455|844664154|2017-05-13|0|0
A2|42029854|42029853|808736941|2017-04-08|0|0
A2|42029854|42029853|837104727|2017-05-08|0|0
A2|42029854|42029853|868724126|2017-06-08|0|0
A3|42029856|42029854|868724131|2017-06-08|0|0
A3|44150771|44150770|866855798|2017-06-05|6.61|6.61
A3|44150771|44150770|866874832|2017-06-05|6.83|6.83
A3|44150771|44150770|866930546|2017-06-05|6.52|6.52
A3|44150771|44150770|866931783|2017-06-05|6.83|6.83
A3|44150771|44150770|866932895|2017-06-05|8.15|8.15
A3|44150771|44150770|866933931|2017-06-05|6.52|6.52
A3|44150771|44150770|866935224|2017-06-05|4.16|4.16
A3|44150771|44150770|866936771|2017-06-05|4.16|4.16
A3|44150771|44150770|866937395|2017-06-05|6.52|6.52
A3|44150771|44150770|866937466|2017-06-05|6.52|6.52
A3|44150771|44150770|866937632|2017-06-05|6.83|6.83
A3|44150771|44150770|866937685|2017-06-05|4.02|4.02
A3|44150771|44150770|867709241|2017-06-06|4.02|4.02
A3|44150771|44150770|867710712|2017-06-06|6.83|6.83
A3|44150771|44150770|867712036|2017-06-06|4.3|4.3
A3|44150771|44150770|867713845|2017-06-06|490|490
A3|44150771|44150770|867714580|2017-06-06|13.64|13.64
A3|44150771|44150770|868534334|2017-06-07|6.52|6.52
A3|44150771|44150770|868534607|2017-06-07|4.02|4.02
A3|44150771|44150770|868534951|2017-06-07|6.52|6.52
A3|44150771|44150770|868535407|2017-06-07|7.86|7.86
A3|44150771|44150770|868536065|2017-06-07|7.38|7.38
A3|44150771|44150770|868536811|2017-06-07|6.52|6.52
A3|44150771|44150770|868538020|2017-06-07|6.83|6.83
A3|44150771|44150770|868540501|2017-06-07|7.86|7.86
A3|44150771|44150770|868541794|2017-06-07|6.52|6.52
A3|44150771|44150770|868542873|2017-06-07|12.77|12.77
A3|44150771|44150770|868543684|2017-06-07|6.6|6.6
A3|44150771|44150770|868544214|2017-06-07|6.52|6.52
A3|44150771|44150770|868544875|2017-06-07|6.61|6.61
A3|44150771|44150770|868545559|2017-06-07|6.6|6.6
A3|44150771|44150770|868546800|2017-06-07|7.17|7.17
A3|44150771|44150770|868548006|2017-06-07|6.83|6.83
A3|44150771|44150770|868548471|2017-06-07|7.17|7.17
A3|44150771|44150770|868554300|2017-06-07|6.61|6.61
A3|44150771|44150770|868555373|2017-06-07|6.83|6.83
A3|44150771|44150770|868556630|2017-06-07|6.52|6.52
A3|44150771|44150770|868557336|2017-06-07|8.01|8.01
A3|44150771|44150770|868558238|2017-06-07|4.3|4.3
A3|44150771|44150770|868559027|2017-06-07|9.5|9.5
A3|44150771|44150770|869450519|2017-06-08|7.17|7.17
A3|44150771|44150770|869451665|2017-06-08|6.61|6.61
A3|44150771|44150770|869452419|2017-06-08|6.83|6.83
A3|44150771|44150770|869453828|2017-06-08|4.16|4.16
A3|44150771|44150770|869455113|2017-06-08|6.61|6.61
A3|44150771|44150770|869456181|2017-06-08|9.99|9.99
A3|44150771|44150770|869456971|2017-06-08|6.52|6.52
A3|44150771|44150770|869495377|2017-06-08|7.52|7.52
A3|44150771|44150770|870315680|2017-06-09|10.3|10.3
A3|44150771|44150770|870318378|2017-06-09|11.84|11.84
A3|44150771|44150770|870319339|2017-06-09|6.61|6.61
A3|44150771|44150770|870320235|2017-06-09|6.61|6.61
A3|44150771|44150770|870321505|2017-06-09|4.3|4.3
A3|44150771|44150770|870322187|2017-06-09|6.61|6.61
A3|44150771|44150770|870322742|2017-06-09|6.52|6.52
A3|44150771|44150770|870323810|2017-06-09|6.52|6.52
A3|44150771|44150770|870324071|2017-06-09|4.3|4.3
A3|44150771|44150770|870325165|2017-06-09|6.52|6.52
A3|44150771|44150770|870326052|2017-06-09|6.52|6.52
A3|44150771|44150770|870327285|2017-06-09|6.52|6.52
A3|44150771|44150770|870328195|2017-06-09|9.99|9.99
A2|43545535|43545534|812359607|2017-04-13|0|0
A2|43545535|43545534|844664261|2017-05-13|0|0
A2|44162062|44162061|830067794|2017-04-23|0|0
A2|44162062|44162061|853311557|2017-05-23|0|0
A3|42038601|42038600|869582571|2017-06-09|0|0
A2|41302035|41302034|828021316|2017-04-20|0|0
A2|41302035|41302034|850771544|2017-05-20|0|0
A2|42068745|42068744|809339686|2017-04-11|0|0
A2|42068745|42068744|841539142|2017-05-11|0|0
A2|42068745|42068744|871282573|2017-06-11|0|0
A3|42068746|42068745|871282577|2017-06-11|0|0
A2|44366445|44366444|832161572|2017-04-28|0|0
A2|44366445|44366444|858709939|2017-05-28|0|0
A2|43553358|43553357|814761873|2017-04-14|0|0
A2|43553358|43553357|845573767|2017-05-14|0|0
A2|44368848|44368847|832162042|2017-04-28|0|0
A2|44368848|44368847|858710326|2017-05-28|0|0
A2|42069078|42069077|809339784|2017-04-11|0|0
A2|42069078|42069077|841539376|2017-05-11|0|0
A2|42069078|42069077|871282698|2017-06-11|0|0
A2|43553638|43553637|814762070|2017-04-14|0|0
A2|43553638|43553637|845573795|2017-05-14|0|0
A2|44394431|40918967|832420452|2017-04-29|0|0
A2|44394431|40918967|859755313|2017-05-29|0|0
A2|43553674|43553673|814762085|2017-04-14|0|0
A2|43553674|43553673|845573798|2017-05-14|0|0
A2|41307694|41307693|828021494|2017-04-20|0|0
A2|41307694|41307693|850771693|2017-05-20|0|0
A2|43553706|43553704|814762139|2017-04-14|0|0
A2|43553706|43553704|845573804|2017-05-14|0|0
A3|42069079|42069078|871282700|2017-06-11|0|0
A2|44394432|44394431|832420454|2017-04-29|0|0
A2|44394432|44394431|859755315|2017-05-29|0|0
A3|44403366|44403363|870336177|2017-06-09|5.95|5.95
A2|44418804|44418802|832633944|2017-04-30|0|0
A2|44418804|44418802|860673858|2017-05-30|0|0
A2|43554259|43554258|814762337|2017-04-14|0|0
A2|43554259|43554258|845573837|2017-05-14|0|0
A3|44418922|44418921|866446985|2017-06-05|22.75|22.75
A3|44418922|44418921|866496441|2017-06-05|22.75|22.75
A3|44418922|44418921|866666736|2017-06-05|5.95|5.95
A3|44418922|44418921|866686030|2017-06-05|22.75|22.75
A3|44418922|44418921|866699000|2017-06-05|5.95|5.95
A3|44418922|44418921|866703225|2017-06-05|5.95|5.95
A3|44418922|44418921|866705172|2017-06-05|5.95|5.95
A3|44418922|44418921|866715582|2017-06-05|5.95|5.95
A3|44418922|44418921|866718085|2017-06-05|5.95|5.95
A3|44418922|44418921|866728029|2017-06-05|5.95|5.95
A3|44418922|44418921|866732489|2017-06-05|5.95|5.95
A3|44418922|44418921|866733938|2017-06-05|5.95|5.95
A3|44418922|44418921|866734867|2017-06-05|5.95|5.95
A3|44418922|44418921|866784221|2017-06-05|5.95|5.95
A3|44418922|44418921|866790328|2017-06-05|5.95|5.95
A3|44418922|44418921|866790382|2017-06-05|5.95|5.95
A3|44418922|44418921|866790641|2017-06-05|5.95|5.95
A3|44418922|44418921|866791718|2017-06-05|5.95|5.95
A3|44418922|44418921|866794145|2017-06-05|5.95|5.95
A3|44418922|44418921|866797779|2017-06-05|5.95|5.95
A3|44418922|44418921|866825014|2017-06-05|5.95|5.95
A3|44418922|44418921|866827644|2017-06-05|5.95|5.95
A3|44418922|44418921|866839343|2017-06-05|5.95|5.95
A3|44418922|44418921|866841247|2017-06-05|5.95|5.95
A3|44418922|44418921|866853867|2017-06-05|5.95|5.95
A3|44418922|44418921|866890895|2017-06-05|5.95|5.95
A3|44418922|44418921|866897828|2017-06-05|5.95|5.95
A3|44418922|44418921|866899463|2017-06-05|5.95|5.95
A3|44418922|44418921|866905146|2017-06-05|5.95|5.95
A3|44418922|44418921|866905259|2017-06-05|5.95|5.95
A3|44418922|44418921|866906133|2017-06-05|5.95|5.95
A3|44418922|44418921|866906733|2017-06-05|5.95|5.95
A3|44418922|44418921|866909854|2017-06-05|5.95|5.95
A3|44418922|44418921|866910779|2017-06-05|5.95|5.95
A3|44418922|44418921|866911458|2017-06-05|5.95|5.95
A3|44418922|44418921|866938529|2017-06-05|5.95|5.95
A3|44418922|44418921|866939544|2017-06-05|5.95|5.95
A3|44418922|44418921|866939610|2017-06-05|5.95|5.95
A3|44418922|44418921|866947688|2017-06-05|5.95|5.95
A3|44418922|44418921|867084544|2017-06-06|5.95|5.95
A3|44418922|44418921|867160519|2017-06-06|5.95|5.95
A3|44418922|44418921|867233064|2017-06-06|5.95|5.95
A3|44418922|44418921|867234690|2017-06-06|100|100
A3|44418922|44418921|867244187|2017-06-06|5.95|5.95
A3|44418922|44418921|867252515|2017-06-06|5.95|5.95
A3|44418922|44418921|867287802|2017-06-06|5.95|5.95
A3|44418922|44418921|867291215|2017-06-06|5.95|5.95
A3|44418922|44418921|867424334|2017-06-06|5.95|5.95
A3|44418922|44418921|867444491|2017-06-06|5.95|5.95
A3|44418922|44418921|867486878|2017-06-06|5.95|5.95
A3|44418922|44418921|867503071|2017-06-06|5.95|5.95
A3|44418922|44418921|867532346|2017-06-06|5.95|5.95
A3|44418922|44418921|867533009|2017-06-06|5.95|5.95
A3|44418922|44418921|867537828|2017-06-06|5.95|5.95
A3|44418922|44418921|867538615|2017-06-06|5.95|5.95
A3|44418922|44418921|867599583|2017-06-06|5.95|5.95
A3|44418922|44418921|867603005|2017-06-06|100|100
A3|44418922|44418921|867603298|2017-06-06|100|100
A3|44418922|44418921|867603417|2017-06-06|100|100
A3|44418922|44418921|867639827|2017-06-06|5.95|5.95
A3|44418922|44418921|867648695|2017-06-06|5.95|5.95
A3|44418922|44418921|867651659|2017-06-06|5.95|5.95
A3|44418922|44418921|867663834|2017-06-06|5.95|5.95
A3|44418922|44418921|867667893|2017-06-06|5.95|5.95
A3|44418922|44418921|867672158|2017-06-06|5.95|5.95
A3|44418922|44418921|867718588|2017-06-06|5.95|5.95
A3|44418922|44418921|867731239|2017-06-06|5.95|5.95
A3|44418922|44418921|867736032|2017-06-06|5.95|5.95
A3|44418922|44418921|867738518|2017-06-06|5.95|5.95
A3|44418922|44418921|867740250|2017-06-06|5.95|5.95
A3|44418922|44418921|867774657|2017-06-06|5.95|5.95
A3|44418922|44418921|867811712|2017-06-06|5.95|5.95
A3|44418922|44418921|867811963|2017-06-06|5.95|5.95
A3|44418922|44418921|867812152|2017-06-06|5.95|5.95
A3|44418922|44418921|867812378|2017-06-06|5.95|5.95
A3|44418922|44418921|867812640|2017-06-06|5.95|5.95
A3|44418922|44418921|867812666|2017-06-06|5.95|5.95
A3|44418922|44418921|867812942|2017-06-06|5.95|5.95
A3|44418922|44418921|867825493|2017-06-06|5.95|5.95
A3|44418922|44418921|867826628|2017-06-06|5.95|5.95
A3|44418922|44418921|867827422|2017-06-06|5.95|5.95
A3|44418922|44418921|867916779|2017-06-07|5.95|5.95
A3|44418922|44418921|867922227|2017-06-07|5.95|5.95
A3|44418922|44418921|868086897|2017-06-07|5.95|5.95
A3|44418922|44418921|868110547|2017-06-07|100|100
A3|44418922|44418921|868132677|2017-06-07|5.95|5.95
A3|44418922|44418921|868146663|2017-06-07|5.95|5.95
A3|44418922|44418921|868158195|2017-06-07|5.95|5.95
A3|44418922|44418921|868382594|2017-06-07|5.95|5.95
A3|44418922|44418921|868387520|2017-06-07|5.95|5.95
A3|44418922|44418921|868399805|2017-06-07|5.95|5.95
A3|44418922|44418921|868408486|2017-06-07|5.95|5.95
A3|44418922|44418921|868433588|2017-06-07|5.95|5.95
A3|44418922|44418921|868460260|2017-06-07|5.95|5.95
A3|44418922|44418921|868481040|2017-06-07|5.95|5.95
A3|44418922|44418921|868482981|2017-06-07|5.95|5.95
A3|44418922|44418921|868484492|2017-06-07|5.95|5.95
A3|44418922|44418921|868484881|2017-06-07|5.95|5.95
A3|44418922|44418921|868485151|2017-06-07|5.95|5.95
A3|44418922|44418921|868486069|2017-06-07|5.95|5.95
A3|44418922|44418921|868486931|2017-06-07|5.95|5.95
A3|44418922|44418921|868488910|2017-06-07|5.95|5.95
A3|44418922|44418921|868501072|2017-06-07|5.95|5.95
A3|44418922|44418921|868516689|2017-06-07|5.95|5.95
A3|44418922|44418921|868517067|2017-06-07|5.95|5.95
A3|44418922|44418921|868520174|2017-06-07|5.95|5.95
A3|44418922|44418921|868521060|2017-06-07|5.95|5.95
A3|44418922|44418921|868521731|2017-06-07|5.95|5.95
A3|44418922|44418921|868524318|2017-06-07|5.95|5.95
A3|44418922|44418921|868549680|2017-06-07|5.95|5.95
A3|44418922|44418921|868550379|2017-06-07|5.95|5.95
A3|44418922|44418921|868551260|2017-06-07|5.95|5.95
A3|44418922|44418921|868551963|2017-06-07|5.95|5.95
A3|44418922|44418921|868571092|2017-06-07|5.95|5.95
A3|44418922|44418921|868600753|2017-06-07|5.95|5.95
A3|44418922|44418921|868686644|2017-06-07|5.95|5.95
A3|44418922|44418921|868688135|2017-06-07|5.95|5.95
A3|44418922|44418921|868689165|2017-06-07|5.95|5.95
A3|44418922|44418921|868690986|2017-06-07|5.95|5.95
A3|44418922|44418921|868691446|2017-06-07|5.95|5.95
A3|44418922|44418921|868691514|2017-06-07|5.95|5.95
A3|44418922|44418921|868691739|2017-06-07|5.95|5.95
A3|44418922|44418921|868692179|2017-06-07|5.95|5.95
A3|44418922|44418921|868692408|2017-06-07|5.95|5.95
A3|44418922|44418921|868692722|2017-06-07|5.95|5.95
A3|44418922|44418921|868980130|2017-06-08|5.95|5.95
A3|44418922|44418921|869256536|2017-06-08|5.95|5.95
A3|44418922|44418921|869279755|2017-06-08|5.95|5.95
A3|44418922|44418921|869322689|2017-06-08|5.95|5.95
A3|44418922|44418921|869342404|2017-06-08|5.95|5.95
A3|44418922|44418921|869363494|2017-06-08|5.95|5.95
A3|44418922|44418921|869363665|2017-06-08|450|450
A3|44418922|44418921|869363680|2017-06-08|5.95|5.95
A3|44418922|44418921|869365788|2017-06-08|5.95|5.95
A3|44418922|44418921|869367706|2017-06-08|5.95|5.95
A3|44418922|44418921|869372431|2017-06-08|5.95|5.95
A3|44418922|44418921|869375287|2017-06-08|5.95|5.95
A3|44418922|44418921|869377701|2017-06-08|5.95|5.95
A3|44418922|44418921|869384138|2017-06-08|5.95|5.95
A3|44418922|44418921|869396823|2017-06-08|5.95|5.95
A3|44418922|44418921|869423976|2017-06-08|5.95|5.95
A3|44418922|44418921|869433283|2017-06-08|5.95|5.95
A3|44418922|44418921|869435602|2017-06-08|5.95|5.95
A3|44418922|44418921|869447797|2017-06-08|5.95|5.95
A3|44418922|44418921|869468365|2017-06-08|5.95|5.95
A3|44418922|44418921|869470238|2017-06-08|5.95|5.95
A3|44418922|44418921|869471636|2017-06-08|5.95|5.95
A3|44418922|44418921|869473447|2017-06-08|5.95|5.95
A3|44418922|44418921|869484592|2017-06-08|5.95|5.95
A3|44418922|44418921|869490911|2017-06-08|5.95|5.95
A3|44418922|44418921|869491703|2017-06-08|5.95|5.95
A3|44418922|44418921|869492470|2017-06-08|5.95|5.95
A3|44418922|44418921|869497904|2017-06-08|5.95|5.95
A3|44418922|44418921|869503629|2017-06-08|5.95|5.95
A3|44418922|44418921|869523154|2017-06-08|5.95|5.95
A3|44418922|44418921|869534418|2017-06-08|5.95|5.95
A3|44418922|44418921|869534452|2017-06-08|5.95|5.95
A3|44418922|44418921|869544894|2017-06-08|5.95|5.95
A3|44418922|44418921|869545635|2017-06-08|5.95|5.95
A3|44418922|44418921|869546406|2017-06-08|5.95|5.95
A3|44418922|44418921|869546668|2017-06-08|5.95|5.95
A3|44418922|44418921|869878180|2017-06-09|5.95|5.95
A3|44418922|44418921|869883407|2017-06-09|5.95|5.95
A3|44418922|44418921|869888552|2017-06-09|5.95|5.95
A3|44418922|44418921|870099722|2017-06-09|5.95|5.95
A3|44418922|44418921|870194643|2017-06-09|5.95|5.95
A3|44418922|44418921|870207673|2017-06-09|5.95|5.95
A3|44418922|44418921|870210381|2017-06-09|5.95|5.95
A3|44418922|44418921|870217612|2017-06-09|5.95|5.95
A3|44418922|44418921|870224388|2017-06-09|5.95|5.95
A3|44418922|44418921|870262190|2017-06-09|5.95|5.95
A3|44418922|44418921|870274753|2017-06-09|5.95|5.95
A3|44418922|44418921|870277300|2017-06-09|5.95|5.95
A3|44418922|44418921|870278257|2017-06-09|5.95|5.95
A3|44418922|44418921|870279406|2017-06-09|5.95|5.95
A3|44418922|44418921|870280507|2017-06-09|5.95|5.95
A3|44418922|44418921|870317273|2017-06-09|5.95|5.95
A3|44418922|44418921|870322953|2017-06-09|5.95|5.95
A3|44418922|44418921|870328065|2017-06-09|5.95|5.95
A3|44418922|44418921|870357927|2017-06-09|5.95|5.95
A3|44418922|44418921|870359471|2017-06-09|5.95|5.95
A3|44418922|44418921|870374562|2017-06-09|5.95|5.95
A3|44418922|44418921|870395976|2017-06-09|5.95|5.95
A3|44418922|44418921|870396150|2017-06-09|5.95|5.95
A3|44418922|44418921|870396221|2017-06-09|5.95|5.95
A3|44418922|44418921|870682848|2017-06-10|5.95|5.95
A3|44418922|44418921|870692272|2017-06-10|5.95|5.95
A3|44418922|44418921|871221678|2017-06-10|6.45|6.45
A3|44418922|44418921|871223334|2017-06-10|5.95|5.95
A3|44418922|44418921|871224026|2017-06-10|5.95|5.95
A3|44418922|44418921|871967239|2017-06-11|5.95|5.95
A3|44418922|44418921|872083296|2017-06-11|5.95|5.95
A3|44418922|44418921|872343839|2017-06-12|5.95|5.95
A3|44418922|44418921|872483415|2017-06-12|5.95|5.95
A3|44418922|44418921|872489682|2017-06-12|5.95|5.95
A3|44418922|44418921|872497892|2017-06-12|5.95|5.95
A3|44418922|44418921|872576713|2017-06-12|5.95|5.95
A3|44418922|44418921|872591342|2017-06-12|5.95|5.95
A3|44418922|44418921|872624004|2017-06-12|5.95|5.95
A2|44420830|44420829|832634177|2017-04-30|0|0
A2|44420830|44420829|860674041|2017-05-30|0|0
A3|44421613|44421612|868531637|2017-06-07|5.95|5.95
A2|44418972|44418971|832633989|2017-04-30|0|0
A2|44418972|44418971|860673894|2017-05-30|0|0
A2|42070176|42070174|809340084|2017-04-11|0|0
A2|42070176|42070174|841540171|2017-05-11|0|0
A2|42070176|42070174|871283074|2017-06-11|0|0
A2|43555215|43555214|814762683|2017-04-14|0|0
A2|43555215|43555214|845573893|2017-05-14|0|0
A3|42070177|42070176|871283079|2017-06-11|0|0
A2|42070265|42070264|809340096|2017-04-11|0|0
A2|42070265|42070264|841540189|2017-05-11|0|0
A2|42070265|42070264|871283085|2017-06-11|0|0
A3|42070266|42070265|871283088|2017-06-11|0|0
A2|44442252|44442251|833121477|2017-05-01|0|0
A2|44442252|44442251|862438967|2017-06-01|0|0
A2|42070506|42070505|809340118|2017-04-11|0|0
A2|42070506|42070505|841540229|2017-05-11|0|0
A2|42070506|42070505|871283102|2017-06-11|0|0
A3|42070507|42070506|871283106|2017-06-11|0|0
A2|41695174|41695173|823690651|2017-04-16|0|0
A2|41695174|41695173|847438383|2017-05-16|0|0
A2|41695137|41695135|823690581|2017-04-16|0|0
A2|41695137|41695135|847438364|2017-05-16|0|0
A2|44459799|44459797|833306373|2017-05-02|0|0
A2|44459799|44459797|863357356|2017-06-02|0|0
A2|42071386|42071385|809340210|2017-04-11|0|0
A2|42071386|42071385|841540385|2017-05-11|0|0
A2|42071386|42071385|871283181|2017-06-11|0|0
A2|41695198|41695197|823690689|2017-04-16|0|0
A2|41695198|41695197|847438395|2017-05-16|0|0
A3|42071387|42071386|871283182|2017-06-11|0|0
A3|42531152|42531150|867525102|2017-06-06|5.95|5.95
A3|42531152|42531150|867526278|2017-06-06|5.95|5.95
A3|42531152|42531150|867608981|2017-06-06|5.95|5.95
A3|42531152|42531150|867610184|2017-06-06|5.95|5.95
A3|42531152|42531150|868477849|2017-06-07|5.95|5.95
A3|42531152|42531150|868478306|2017-06-07|5.95|5.95
A3|42531152|42531150|868478931|2017-06-07|100|100
A3|42531152|42531150|868479092|2017-06-07|5.95|5.95
A3|42531152|42531150|868479767|2017-06-07|5.95|5.95
A3|42531152|42531150|868615816|2017-06-07|5.95|5.95
A3|42531152|42531150|868618347|2017-06-07|5.95|5.95
A3|42531152|42531150|868620240|2017-06-07|5.95|5.95
A3|42531152|42531150|869418514|2017-06-08|2.77|2.77
A3|42531152|42531150|869420745|2017-06-08|2.77|2.77
A3|42531152|42531150|870436390|2017-06-10|0|0
A2|44465726|44465725|833306620|2017-05-02|0|0
A2|44465726|44465725|863357651|2017-06-02|0|0
A2|42531636|42531634|809124638|2017-04-10|0|0
A2|42531636|42531634|839649859|2017-05-10|0|0
A2|42531636|42531634|870436428|2017-06-10|0|0
A2|44466205|44466203|833306669|2017-05-02|0|0
A2|44466205|44466203|863357706|2017-06-02|0|0
A3|42531637|42531636|870436431|2017-06-10|0|0
A2|43557738|43557737|814763138|2017-04-14|0|0
A2|43557738|43557737|845573956|2017-05-14|0|0
A2|44466481|44466480|833306694|2017-05-02|0|0
A2|44466481|44466480|863357735|2017-06-02|0|0
A3|42531686|42531685|870436484|2017-06-10|0|0
A2|42531685|42531684|809124688|2017-04-10|0|0
A2|42531685|42531684|839650060|2017-05-10|0|0
A2|42531685|42531684|870436483|2017-06-10|0|0
A2|41695527|41695525|823691191|2017-04-16|0|0
A2|41695527|41695525|847438519|2017-05-16|0|0
A2|43558366|43558364|814763410|2017-04-14|0|0
A2|43558366|43558364|845573992|2017-05-14|0|0
A2|43558563|43558562|814763439|2017-04-14|0|0
A2|43558563|43558562|845573995|2017-05-14|0|0
A2|41695743|41695742|823691437|2017-04-16|0|0
A2|41695743|41695742|847438577|2017-05-16|0|0
A2|43559001|43559000|814763537|2017-04-14|0|0
A2|43559001|43559000|845574008|2017-05-14|0|0
A2|43322147|43322146|832419583|2017-04-29|0|0
A2|43322147|43322146|859754887|2017-05-29|0|0
A2|43559231|43559230|814763582|2017-04-14|0|0
A2|43559231|43559230|845574013|2017-05-14|0|0
A2|42531794|42531792|809124774|2017-04-10|0|0
A2|42531794|42531792|839650396|2017-05-10|0|0
A2|42531794|42531792|870436557|2017-06-10|0|0
A3|42531795|42531794|870436559|2017-06-10|0|0
A2|42531866|42531865|809124814|2017-04-10|0|0
A2|42531866|42531865|839650538|2017-05-10|0|0
A2|42531866|42531865|870436592|2017-06-10|0|0
A2|43322459|43322458|832419647|2017-04-29|0|0
A2|43322459|43322458|859754913|2017-05-29|0|0
A2|43322474|43322473|832419651|2017-04-29|0|0
A2|43322474|43322473|859754916|2017-05-29|0|0
A3|42531867|42531866|870436595|2017-06-10|0|0
A2|43322485|43322484|832419658|2017-04-29|0|0
A2|43322485|43322484|859754919|2017-05-29|0|0
A2|43322677|43322676|832419712|2017-04-29|0|0
A2|43322677|43322676|859754946|2017-05-29|0|0
